Amostra	Transecto X Y Argila Silte Areia
1	I	0	0	57	13	30
2	I	50	0	58	13	29
3	I	100	0	64	16	20
4	I	150	0	65	16	19
5	I	200	0	66	14	20
6	I	250	0	70	15	15
7	I	300	0	71	17	12
8	I	350	0	72	18	10
9	I	400	0	73	19	8
10	I	450	0	72	20	8
11	I	500	0	70	19	11
12	I	550	0	64	21	15
13	I	600	0	69	19	12
14	I	650	0	69	18	13
15	I	700	0	67	21	12
16	I	750	0	71	17	12
17	I	800	0	70	19	11
18	I	850	0	71	18	11
19	I	900	0	70	19	11
20	I	950	0	67	21	12
21	I	1000	0	69	20	11
22	I	1050	0	71	18	11
23	I	1100	0	70	18	12
24	I	1150	0	67	21	12
25	I	1200	0	69	20	11
26	I	1250	0	70	20	10
27	I	1300	0	68	21	11
28	I	1350	0	68	22	10
29	I	1400	0	67	23	10
30	I	1450	0	67	24	9
31	I	1500	0	68	24	8
32	I	1550	0	67	24	9
33	I	1600	0	69	22	9
34	I	1650	0	69	21	10
35	I	1700	0	67	20	13
36	I	1750	0	68	20	12
37	I	1800	0	67	22	11
38	I	1850	0	66	22	12
39	I	1900	0	64	25	11
40	I	1950	0	65	25	10
41	I	2000	0	66	25	9
42	I	2050	0	64	27	9
43	I	2100	0	63	27	10
44	I	2150	0	64	27	9
45	I	2200	0	62	28	10
46	I	2250	0	62	28	10
47	I	2300	0	64	25	11
48	I	2350	0	62	28	10
49	I	2400	0	60	29	11
50	I	2450	0	60	28	12
51	I	2500	0	59	29	12
52	I	2550	0	60	28	12
53	I	2600	0	65	23	12
54	I	2650	0	61	24	15
55	I	2700	0	55	25	20
56	I	2750	0	55	23	22
57	I	2800	0	56	29	15
58	I	2850	0	49	16	35
59	II	0	50	52	14	34
60	II	50	50	51	12	37
61	II	100	50	64	12	24
62	II	150	50	61	16	23
63	II	200	50	66	16	18
64	II	250	50	67	13	20
65	II	300	50	69	15	16
66	II	350	50	69	19	12
67	II	400	50	73	18	9
68	II	450	50	79	15	6
69	II	500	50	75	16	9
70	II	550	50	72	19	9
71	II	600	50	67	20	13
72	II	650	50	66	20	14
73	II	700	50	69	18	13
74	II	750	50	70	17	13
75	II	800	50	69	19	12
76	II	850	50	69	19	12
77	II	900	50	69	20	11
78	II	950	50	69	19	12
79	II	1000	50	70	18	12
80	II	1050	50	66	21	13
81	II	1100	50	63	22	15
82	II	1150	50	71	19	10
83	II	1200	50	69	18	12
84	II	1250	50	65	22	13
85	II	1300	50	68	21	11
86	II	1350	50	68	22	10
87	II	1400	50	66	24	10
88	II	1450	50	67	23	10
89	II	1500	50	68	23	9
90	II	1550	50	71	21	8
91	II	1600	50	69	23	8
92	II	1650	50	67	23	10
93	II	1700	50	66	24	10
94	II	1750	50	67	22	11
95	II	1800	50	66	22	12
96	II	1850	50	65	22	13
97	II	1900	50	69	18	13
98	II	1950	50	62	24	14
99	II	2000	50	64	23	13
100	II	2050	50	67	22	11
101	II	2100	50	64	25	11
102	II	2150	50	66	23	11
103	II	2200	50	67	23	10
104	II	2250	50	66	23	11
105	II	2300	50	66	22	11
106	II	2350	50	64	24	12
107	II	2400	50	61	26	13
108	II	2450	50	63	25	12
109	II	2500	50	64	24	12
110	II	2550	50	63	25	12
111	II	2600	50	62	26	12
112	II	2650	50	63	25	12
113	II	2700	50	63	24	13
114	II	2750	50	64	21	15
115	II	2800	50	63	18	18
116	II	2850	50	58	21	21
117	II	2900	50	54	16	30
118	II	2950	50	51	15	34
119	II	3000	50	41	13	46
120	III	0	100	47	8	45
121	III	50	100	54	9	37
122	III	100	100	53	14	33
123	III	150	100	59	12	29
124	III	200	100	60	12	28
125	III	250	100	67	13	20
126	III	300	100	66	12	22
127	III	350	100	73	12	15
128	III	400	100	74	13	13
129	III	450	100	74	14	12
130	III	500	100	73	16	11
131	III	550	100	75	16	9
132	III	600	100	77	15	8
133	III	650	100	73	16	11
134	III	700	100	69	18	13
135	III	750	100	69	17	14
136	III	800	100	70	15	15
137	III	850	100	71	15	14
138	III	900	100	71	16	13
139	III	950	100	70	16	14
140	III	1000	100	70	18	12
141	III	1050	100	70	18	12
142	III	1100	100	71	16	13
143	III	1150	100	68	19	13
144	III	1200	100	64	21	15
145	III	1250	100	68	21	11
146	III	1300	100	68	19	13
147	III	1350	100	67	19	14
148	III	1400	100	66	21	13
149	III	1450	100	69	19	12
150	III	1500	100	67	21	12
151	III	1550	100	69	20	11
152	III	1600	100	70	20	10
153	III	1650	100	69	22	9
154	III	1700	100	69	21	10
155	III	1750	100	69	21	10
156	III	1800	100	68	21	11
157	III	1850	100	69	20	11
158	III	1900	100	66	22	12
159	III	1950	100	64	25	11
160	III	2000	100	66	21	13
161	III	2050	100	68	19	13
162	III	2100	100	66	21	13
163	III	2150	100	64	23	13
164	III	2200	100	67	21	12
165	III	2250	100	66	22	12
166	III	2300	100	65	22	13
167	III	2350	100	64	24	12
168	III	2400	100	64	23	13
169	III	2450	100	63	23	14
170	III	2500	100	61	24	15
171	III	2550	100	62	23	15
172	III	2600	100	64	23	13
173	III	2650	100	65	23	12
174	III	2700	100	61	26	13
175	III	2750	100	64	23	13
176	III	2800	100	63	21	16
177	III	2850	100	63	19	18
178	III	2900	100	61	18	21
179	III	2950	100	58	18	24
180	III	3000	100	49	16	35
181	III	3050	100	50	15	35
182	III	3100	100	43	13	44
183	IV	0	150	38	9	53
184	IV	50	150	47	9	44
185	IV	100	150	55	11	34
186	IV	150	150	57	13	30
187	IV	200	150	58	14	28
188	IV	250	150	68	13	19
189	IV	300	150	72	14	14
190	IV	350	150	76	12	12
191	IV	400	150	73	14	13
192	IV	450	150	72	15	13
193	IV	500	150	72	17	11
194	IV	550	150	70	17	13
195	IV	600	150	69	17	14
196	IV	650	150	68	18	14
197	IV	700	150	69	16	15
198	IV	750	150	69	17	14
199	IV	800	150	68	18	14
200	IV	850	150	70	16	14
201	IV	900	150	70	16	14
202	IV	950	150	70	17	13
203	IV	1000	150	70	16	14
204	IV	1050	150	69	18	13
205	IV	1100	150	67	19	14
206	IV	1150	150	67	18	15
207	IV	1200	150	64	19	17
208	IV	1250	150	65	21	14
209	IV	1300	150	66	20	14
210	IV	1350	150	69	18	13
211	IV	1400	150	66	20	14
212	IV	1450	150	68	19	13
213	IV	1500	150	69	20	11
214	IV	1550	150	69	20	11
215	IV	1600	150	69	20	11
216	IV	1650	150	68	23	9
217	IV	1700	150	70	21	9
218	IV	1750	150	70	20	10
219	IV	1800	150	71	19	10
220	IV	1850	150	70	18	12
221	IV	1900	150	69	19	12
222	IV	1950	150	67	21	12
223	IV	2000	150	68	20	12
224	IV	2050	150	67	20	13
225	IV	2100	150	69	17	14
226	IV	2150	150	69	18	13
227	IV	2200	150	67	20	13
228	IV	2250	150	64	22	14
229	IV	2300	150	64	20	16
230	IV	2350	150	64	19	17
231	IV	2400	150	63	22	15
232	IV	2450	150	58	25	17
233	IV	2500	150	61	23	16
234	IV	2550	150	61	23	16
235	IV	2600	150	62	23	15
236	IV	2650	150	57	26	17
237	IV	2700	150	60	25	15
238	IV	2750	150	58	25	17
239	IV	2800	150	60	22	18
240	IV	2850	150	59	19	22
241	IV	2900	150	59	19	22
242	IV	2950	150	49	16	35
243	IV	3000	150	44	16	40
244	IV	3050	150	38	28	34
245	V	0	200	55	13	32
246	V	50	200	57	13	30
247	V	100	200	62	16	22
248	V	150	200	70	15	15
249	V	200	200	72	16	12
250	V	250	200	72	15	13
251	V	300	200	67	17	16
252	V	350	200	67	19	14
253	V	400	200	67	18	15
254	V	450	200	65	20	15
255	V	500	200	70	17	13
256	V	550	200	70	17	13
257	V	600	200	70	16	14
258	V	650	200	70	17	13
259	V	700	200	67	19	14
260	V	750	200	69	18	13
261	V	800	200	68	18	14
262	V	850	200	68	19	13
263	V	900	200	70	17	13
264	V	950	200	67	19	14
265	V	1000	200	63	21	16
266	V	1050	200	66	21	13
267	V	1100	200	67	19	14
268	V	1150	200	66	20	14
269	V	1200	200	67	18	15
270	V	1250	200	64	20	16
271	V	1300	200	65	20	15
272	V	1350	200	63	22	15
273	V	1400	200	67	21	12
274	V	1450	200	68	20	12
275	V	1500	200	68	22	10
276	V	1550	200	67	23	10
277	V	1600	200	63	27	10
278	V	1650	200	68	19	13
279	V	1700	200	66	22	12
280	V	1750	200	68	21	11
281	V	1800	200	68	20	12
282	V	1850	200	68	12	20
283	V	1900	200	66	19	15
284	V	1950	200	68	17	15
285	V	2000	200	64	19	17
286	V	2050	200	64	17	19
287	V	2100	200	63	17	20
288	V	2150	200	61	17	22
289	V	2200	200	63	19	18
290	V	2250	200	58	24	18
291	V	2300	200	63	19	18
292	V	2350	200	62	20	18
293	V	2400	200	61	22	17
294	V	2450	200	59	22	19
295	V	2500	200	61	22	17
296	V	2550	200	59	20	21
297	V	2600	200	60	19	21
298	V	2650	200	59	18	23
299	V	2700	200	57	18	25
300	V	2750	200	54	18	28
301	V	2800	200	47	14	39
302	V	2850	200	41	13	46
